opt_lambda_from_flows:5.022446632385254
opt_lambda_from_flows:5.022446632385254
opt_lambda_:Not computed yet
